43718
41201
39428
23692
19273
13507
45918
19205
43465
5828
17977
16229
23526
15730
7660
29084
25024
15561
36419
7461
11089
5803
2009
39494
7420
18069
24352
29475
12232
8627
1568
768
12501
6499
42443
35361
17030
30397
26178
39317
19675
19039
10942
38047
1307
40016
14288
46245
3560
49565
25707
18610
41298
5505
29409
38267
6175
37796
27096
41723
1039
5038
33070
17065
8877
8772
36707
6536
12925
23759
48959
24805
20971
17766
36496
4580
35198
42784
27754
5841
35859
35818
31755
26085
49524
41648
42809
4382
31892
23011
16258
34246
30110
38258
38319
37153
3095
21424
25135
7275
12645
15303
22287
42549
26305
16371
28572
31621
48609
10937
22921
6596
18236
15251
38847
28551
1610
1136
46365
20780
42021
46899
19615
42050
10114
43612
40115
9783
35503
1458
9889
5664
28544
11161
3227
29421
7351
11379
44273
31075
27418
19529
6215
26256
912
42554
28360
36764
20799
41121
49053
36720
5214
29837
5133
680
17408
19433
32499
14196
3896
16320
27152
34808
35751
41443
9074
41394
49956
39492
13627
36807
9475
49054
28617
31756
8964
16985
24964
21416
7035
5401
25173
47799
8446
4725
21085
44142
13786
2492
15483
31946
49289
14266
35900
2989
880
2806
42037
4991
3497
14494
27916
8780
47005
20451
19961
434
47398
10999
9515
25218
25581
31306
12021
2399
1932
27127
1965
16863
48678
38354
45041
49919
40034
2172
30021
46450
44054
11436
6837
26809
21630
20477
18894
18302
46762
2736
37085
25958
1179
15775
15839
17330
43104
13442
48852
40538
4017
34963
37042
14489
46671
25990
33699
34952
38925
28959
6275
36240
1534
17717
33927
38450
26884
18825
37617
3320
36252
24986
37647
41113
28547
12878
7126
23559
24240
34030
40695
35335
16075
12645
3417
12731
28623
40808
48106
25760
37792
17335
10810
14322
37221
20873
32064
31099
22584
34263
4887
41165
24384
40887
41479
21802
47507
3605
25459
30971
34537
37180
14290
16406
34672
4417
28092
34594
16068
40903
23969
48612
8115
285
44850
7227
44439
3361
5345
1979
26375
21713
48147
36705
33051
8881
45488
15185
45767
10492
33112
44609
28494
29095
44155
12060
28792
11348
44339
46114
7465
23190
37221
41529
1420
10204
5270
8904
22608
18460
9881
197
6103
8384
14799
24788
21707
7148
39891
26613
40239
47804
42331
3715
9711
9332
2536
25131
20131
38748
48235
44136
42925
12269
3837
39811
22640
33922
41901
32886
12927
45909
48004
23811
1230
21926
16820
22975
18871
11509
27661
4179
5816
20301
33953
40409
20511
126
39533
40629
49344
47905
46202
36110
1020
6210
578
2024
42481
11184
49200
25822
21072
27761
14329
34474
37831
44949
36997
41170
15045
29414
794
24502
47213
43055
40817
43473
2171
4346
28204
36902
44840
164
21694
28540
11322
2088
8283
87
21100
38074
19785
47306
45098
43094
24220
4159
2622
4428
38881
32724
38564
45766
16261
22384
48099
49840
26484
1899
451
48560
19598
18959
28015
40399
13836
5876
18804
49062
45527
12599
6983
30199
31226
5298
13969
34450
19993
28178
23149
44467
21180
10794
10117
31607
18070
24553
12123
35227
35745
35702
17128
46757
28737
18951
16539
23064
42293
5633
1075
20306
5463
39054
2258
45922
27733
25241
1664
36060
39192
23708
19816
1703
7803
2479
48010
3283
39381
40362
9796
34745
40630
10174
14972
22399
31120
23817
36197
33151
32309
15508
8591
1968
3559
23807
49721
39007
270
8051
45474
11698
36784
29934
27512
4911
13420
23658
28739
15445
32480
15969
44739
11620
29968
19127
32385
37911
38087
22006
1985
41281
21762
11467
38713
33416
44628
12821
19939
33202
20009
36935
24095
49126
37519
39627
36320
45491
40886
14285
24329
43473
19171
22581
25463
8045
43406
40140
46598
16837
45828
14672
40991
9270
25914
43435
28122
36628
22271
28768
5950
37062
705
34781
14031
35952
42413
32964
20277
36698
16093
1354
22412
43673
46299
41309
44548
35958
21273
2251
42333
35115
48958
23021
42447
12736
1914
20925
44047
30738
48347
459
13636
6748
3756
49897
45462
21218
12504
5519
39111
5745
10951
12058
11638
13573
19765
40459
5540
21426
36609
46464
44320
2382
3399
11218
39438
43562
12164
45929
3589
35821
16723
42004
12618
42603
35042
6452
11028
12355
29891
17100
4305
43404
43939
37096
30216
26534
31504
39016
42767
15005
33391
26832
26253
33470
6015
24184
13911
7189
36714
11297
4637
7992
7445
25934
9028
11139
2895
48766
41321
6729
30437
18546
26929
25355
34339
1983
43869
8817
35953
2165
49968
6702
8848
7055
19711
33343
46201
48341
23590
9953
36489
46236
11202
23933
1889
30804
246
47396
39952
31935
20352
7884
31765
34682
39240
16459
5961
3145
36542
20817
28968
15801
20275
13767
3067
44819
44058
34188
41
21690
40957
12682
39272
30755
34502
21651
43918
32496
37475
6477
4574
43558
6241
18479
28537
34548
43427
31576
11301
8239
19610
39170
25215
164
43661
48054
39148
40822
10372
48286
26657
49807
16001
25491
39489
8875
7519
23594
26434
30680
14604
11787
18743
43044
26663
7719
34157
10542
17139
5594
49023
43388
37707
17991
17982
37076
31794
15111
29481
5856
40652
7229
29004
3999
47970
9304
27445
29403
25495
42224
31590
49324
23133
46513
14647
16374
15785
12586
30542
46053
12174
41911
41239
17352
38556
3690
44397
49827
9681
128
34209
44809
33368
15278
19665
6387
23179
7438
41411
25741
38003
16210
5758
34042
11186
20406
38173
42323
2738
6341
17143
23819
5568
7348
10000
21267
47055
24974
48053
25023
9628
36985
6770
47361
31970
32347
12293
24045
19688
49129
4039
19955
3349
16310
21943
23854
37034
41111
24045
38709
24821
34815
1929
37600
35406
9292
29043
2004
19976
11367
34565
35844
45666
8832
2717
5849
21396
1750
42757
27150
32353
41574
30089
26542
1185
37967
20497
45394
45864
30414
37081
22361
2613
24499
39908
21223
31909
3006
46754
47769
19917
16549
11630
27617
32063
34758
7055
29207
33806
26039
26286
19288
3017
27217
48106
49160
4767
4863
31299
22072
233
44760
41667
30092
24389
1777
27893
31890
429
19541
29690
32215
1467
10459
38009
18896
43899
21303
19647
3409
40923
45346
29765
12400
30243
2153
6800
29592
33169
13013
39012
36252
26468
384
12345
2096
23076
13244
30418
38121
24093
14420
38436
22276
14060
43488
6809
36381
20200
6648
39963
21300
28879
45831
43064
49059
32219
9721
33130
651
4764
18535
44525
19731
26529
39388
6283
48716
31257
46011
41173
34763
36405
6618
32354
3692
18782
36054
35242
20376
7658
8324
19408
20998
13139
48895
9016
1203
14667
38655
17
11264
33310
13087
35814
33167
27680
44670
1919
10057
32555
18091
10975
33809
33319
47486
44719
6547
23583
33448
49902
36606
3271
7392
37453
35672
11189
24827
9750
47119
3743
27073
29103
48710
24678
48476
17878
19102
11172
29915
49805
44809
33606
22810
45572
23331
18579
5375
16691
18183
6945
48735
5258
25626
30143
19824
31366
37976
7391
49375
44515
4934
9093
20599
4059
43462
9415
40753
5894
23957
40161
31750
17834
5234
9446
37618
47002
36115
22733
6105
34261
43689
1962
11589
93
30596
33202
18255
42958
8626
22936
21097
49355
23080
1837
47011
15617
19043
20557
23411
13121
12065
39924
9792
7904
2249
43890
9570
22564
14887
15007
31859
35151
29389
334
1748
44971
15622
37747
19009
9737
45751
42297
43289
18181
30226
10219
37367
32448
4406
41794
20104
16085
25922
13409
49871
25498
46847
1045
14189
47021
4275
31029
34313
12616
3838
8025
6249
33250
8676
47274
30162
32580
27351
2522
49269
37514
120
31132
35910
23867
38354
31740
22676
13704
13819
12458
33189
40787
24445
17740
12560
1844
3395
28890
1972
44667
47995
12321
37710
40508
31705
47970
33820
26338
5460
45669
291
2689
25037
34809
8623
43751
32415
35444
9079
25036
390
45140
40482
28091
49474
3421
38005
7703
40858
34277
3518
9016
44386
4402
5872
7412
10079
45140
24887
29952
21496
29266
27334
47214
44689
30666
46541
28885
10556
20394
6547
22629
39896
49024
11022
34775
19450
26496
1313
1752
15050
32241
40641
12455
25490
28206
8111
19047
7918
37677
43687
45787
44665
46852
3023
17979
61
18405
29341
23262
12039
8443
36802
7983
47183
12902
34187
915
26255
30396
48547
19623
42243
18198
47730
46836
36902
28151
33979
1186
1644
45948
10595
39019
26253
45326
25020
47038
36897
4575
47461
1497
12276
13522
583
13759
49732
18028
10194
8195
31777
10611
35261
19002
44974
21186
28499
3214
37193
39261
43609
18513
3859
37407
5636
30091
5734
24428
41680
17801
46003
39318
15397
1577
40695
29594
5530
10857
39851
26437
17974
32745
46899
34449
33053
3590
37053
43934
40309
10093
824
285
19947
3423
31466
48734
8704
18057
46050
16062
365
1996
19856
16385
39750
34800
3714
38072
17335
22373
22641
5031
5849
20812
34314
23984
33072
42984
33656
33432
3887
47944
15156
12443
37788
39052
22837
46627
23071
38440
235
49924
16781
48376
15941
2184
6581
40921
24940
34804
13087
48999
50000
45301
47606
23908
39275
12278
27849
30126
2507
42528
29348
14854
33316
6771
3139
27460
21273
13267
1661
3884
20228
7094
44598
12359
35864
43803
2228
26156
46326
38740
5635
8844
6136
1857
28127
47528
42935
8320
24054
45472
5498
24231
4079
7971
5322
36713
38269
10220
18879
40369
2226
20121
26039
33043
13451
35764
45050
20504
30631
38296
44084
40385
11463
23639
4720
17594
23147
29214
37883
36261
44489
15201
25805
7650
16881
33576
4445
3569
42816
48488
28232
1690
47877
39988
16184
15303
25254
41096
49748
9038
35606
22734
44815
25367
41968
9577
27068
38270
44303
23660
13697
21978
44917
7223
27650
24561
45693
35055
45356
34974
11417
11620
13543
40981
36340
29911
43192
42663
25109
487
6232
9719
21033
17102
41803
34401
15335
30258
224
3925
27539
21513
48403
21286
36526
7611
33165
30208
37874
43578
44283
3598
40460
24619
2228
14678
38699
30186
41827
45866
35402
47229
19006
36930
6550
12042
17838
33368
46814
34638
24332
33198
44658
36677
43088
29012
11875
6302
45447
48744
14758
16978
44465
26981
4562
31077
43004
33377
11185
34625
25142
41813
2036
36652
31050
15028
13853
27964
13804
6263
1741
15127
14411
7253
16108
5563
41223
5342
27478
7451
21923
38492
23409
16166
16336
36983
49804
48356
2964
4514
34427
31463
37042
35871
13807
35714
42804
22531
5476
16208
13033
21222
43286
18720
14268
34776
20084
7435
47378
43008
7434
31470
23939
2140
16496
33161
2580
15423
40079
40484
18570
32075
32022
28186
16377
4945
17937
27287
21960
17462
16298
46564
28639
2263
658
30548
9956
2262
43645
36771
13427
33644
25391
48657
34630
31216
23691
8617
49603
37467
32187
32018
17247
12235
24167
49874
32728
9931
22504
9907
13342
33945
46737
33696
1426
48027
1652
41982
9181
43944
28321
32702
33737
6239
14909
41145
22596
22030
49151
5422
676
7745
16582
26784
22517
46992
43021
10391
20916
47598
349
41738
27241
38202
38320
14652
26454
2122
17876
8477
6015
45143
8792
28985
37432
40459
23738
18586
3234
41122
7077
2715
24890
40778
9017
27813
39563
36460
33477
41437
35361
29343
48367
797
40081
14283
34287
30614
46957
30644
6928
37545
9874
10454
31992
34558
48508
27714
22327
22075
35289
30148
12562
21497
22079
3565
40885
1060
15274
2634
32813
31490
11013
32984
34539
17162
18983
27527
42614
5725
1222
20249
17405
11355
9194
36492
23949
41685
44111
19887
39698
41084
42625
2476
12956
42803
11076
15169
6343
25094
25449
34086
14562
25783
37131
32556
17031
20196
22353
15301
44406
39284
21391
11158
150
18762
21492
48893
16172
23632
2355
9956
18595
32349
30363
1573
26854
14723
12450
32754
25605
42389
40570
21052
47616
36426
6664
49539
35648
9817
1134
10069
49118
20728
40460
27047
33329
29534
3189
49820
23204
47222
23347
22360
29977
9901
2534
204
47985
496
3044
2296
46567
20632
37128
22271
35197
39509
10111
10775
30089
11757
48675
40897
22283
29391
6623
10027
16755
26500
30804
35433
44738
48474
25108
43814
48578
1601
26266
6355
31149
46532
42154
22269
7591
2073
11958
29180
42152
14306
22812
40184
15699
43861
46146
38271
28942
48031
48944
38376
9363
20044
8584
24844
13123
12222
22725
23300
3287
19146
27638
24123
40781
20977
39014
13455
8690
49957
37719
21994
42482
27716
636
48606
47113
28134
16413
35107
10878
15848
6999
2736
44652
41371
13787
7097
20115
23266
36807
12924
8609
24244
28364
26367
25297
48972
7735
34361
21370
24033
14244
3584
39177
11074
46638
26470
31208
2447
18370
35457
9981
16617
18288
19863
1601
26617
22752
36346
11521
35986
10160
47498
43264
35376
29032
41513
30641
11251
37100
17655
38527
14888
49165
25728
13629
19791
7305
13470
20474
48046
23261
27725
18765
30894
5497
19562
32043
23931
6470
5021
626
25864
3651
39973
20112
42139
19335
16255
30073
30266
16328
47551
2103
29732
48039
26402
26835
17063
34438
5738
9609
21614
40606
7131
11255
37067
45362
10122
7850
23992
47041
25149
27367
43894
18361
18362
38187
12359
33414
6851
26423
36204
3400
26981
49313
24205
36911
2691
18809
582
39576
13597
15036
40431
13700
11092
22174
1967
35965
23599
41517
34230
41302
5643
13734
47849
1624
33404
22111
49638
2915
48061
20431
4362
33179
4647
28761
47157
49820
15560
18564
41409
26029
9718
29849
38700
29902
15465
45727
18513
36977
27941
34427
6241
47528
24266
42895
11760
16069
42473
27900
2294
13321
26289
12004
19794
41088
2801
32166
43514
30562
19065
30717
10838
14305
46052
15011
10243
10729
33336
1020
7202
5720
47341
26532
23574
11692
40107
3496
30460
31249
8769
32306
8604
27169
42546
40369
36248
40172
19226
38147
3245
11020
22971
19177
7701
31946
26471
24370
13190
30170
47104
3399
18691
464
38979
1278
29555
35357
48716
48358
11652
11218
8326
27829
10397
19190
22895
38674
29877
13647
97
18291
7866
30148
18156
14196
17727
45731
26964
48744
40973
36921
5543
21357
42822
27911
43418
24287
33678
45104
38868
18888
40157
9552
21115
13800
19408
29272
23849
44523
33010
24157
49046
13468
37272
21193
35379
49268
16850
15540
3424
45955
44151
42030
35638
35939
47516
38414
36838
2503
10743
49237
39733
40755
6830
15623
28313
30321
23419
8517
12036
6050
46393
43236
49839
19317
28366
30005
23730
20092
4946
14186
27124
11344
16925
16080
35625
40205
10451
21099
46767
22764
26785
11083
15225
1303
9314
48143
37518
29336
8302
6673
48934
32575
32451
36064
49074
15428
23306
45100
42695
5938
706
4529
7549
1432
3462
8594
2499
19950
20614
37064
34317
36575
9733
10140
7371
30487
3267
41088
49021
10279
2306
18004
41866
30000
39557
34573
28994
4917
19489
35395
10508
28075
34270
47928
1018
47065
30353
6823
27787
44000
442
39198
12543
12079
31187
36044
35113
38665
27001
11366
3950
12583
26278
47611
18056
4680
22343
2015
46156
44907
48123
31751
31818
19870
21312
10566
5567
37424
23835
4534
43795
10224
18683
35714
42224
40648
6364
36959
31242
28085
6535
1763
26349
40330
12509
44023
44559
11973
45264
26732
35460
19599
42395
41194
28198
20797
35290
19555
32196
21025
28515
5406
24352
18877
28859
21779
34932
23462
46493
18486
33012
6035
3813
239
32639
15687
17368
37176
21545
16013
31150
15515
20260
23370
21299
13187
15399
11159
34497
26318
43159
27303
42255
44398
7849
3083
42701
5376
43555
29114
26416
7186
12566
9611
27151
24011
47320
26352
44575
20894
39384
23270
9633
48726
43849
43272
62
47241
9927
46671
27366
39130
19543
49365
31535
10485
19453
2519
11849
44242
6991
42303
12889
34760
38853
44735
24451
27232
41868
46541
47489
10524
23264
20113
48421
8621
22272
29780
26779
43456
45104
39283
44078
22987
25893
45721
18820
47967
10277
20429
40329
41847
42406
14547
5098
31921
14312
45351
47258
48153
31242
28243
39192
48798
39574
17737
20892
3866
38761
2191
19410
18739
45950
28379
16911
23415
42039
25693
19116
21211
12315
11953
19152
4194
1783
42081
22318
4290
24547
23406
13366
32834
30045
8009
36085
14218
47301
46222
7223
14690
2938
19474
25589
3957
23490
26329
44416
34023
19668
38397
37067
49718
25724
7399
8001
32274
26880
12589
46879
48950
46470
18760
33162
20305
12388
14965
12535
11583
30060
34312
34671
18178
6238
15263
10106
46680
36156
31351
19423
35659
20392
37860
48440
29981
12947
4154
20947
5754
38064
11621
26642
35451
29411
11475
2082
1771
40933
2850
25794
38199
28918
30853
28864
24963
25951
44070
39441
45993
19722
7226
15437
45653
9674
11745
19657
3748
21353
22287
40265
11417
6112
9064
22577
24803
7626
34236
48986
46212
47499
30779
15555
41831
17608
29790
26533
23658
29794
5962
1083
33270
15959
9862
39307
690
22775
1479
38959
28566
6582
10451
49773
8192
25126
10271
21762
31127
32895
28825
34053
28866
43980
7575
43700
10577
36365
38126
25977
40384
1048
41829
224
15919
1887
41244
3640
14348
35615
10631
33808
48743
323
27974
12795
33449
41865
11231
46954
33247
469
23951
48711
19277
17831
23102
39444
44850
22188
36774
26535
26111
38034
857
6752
47757
23202
40063
15296
28773
33319
496
45921
19309
25397
45969
5339
4872
29608
27701
20133
35152
5170
9915
31552
39056
11057
38695
49564
21897
18633
21618
12419
21530
39310
28843
2210
39498
10121
42880
5996
3074
41495
8285
33252
23867
11478
18488
28802
27447
46377
39252
11709
28076
40450
24727
7807
10884
4642
15120
47708
22768
40250
39946
12186
23223
44951
14843
21369
27243
32496
10930
26822
46321
24624
7001
7889
33326
9767
42795
29858
23575
33750
30229
4247
28508
29467
47536
9258
30300
9293
2721
45483
21229
49290
33387
22584
20148
7104
1450
20042
12278
11998
27562
8888
10147
37934
44640
12987
22380
19885
37861
554
47545
2576
198
31151
5985
12533
35643
27761
29813
10333
47350
9223
33574
40674
34407
44801
37782
31645
32445
27337
49402
14235
41173
25358
38873
30783
35882
40375
48714
15539
34099
31788
38316
30299
31682
35653
28711
21229
18453
1497
10070
9953
39058
14197
47540
1074
1187
7084
2327
18332
40615
14035
8046
12015
41256
3886
11071
26401
20262
27873
2506
47011
40912
4245
36693
44327
28712
24694
34379
9138
45633
43235
28495
13180
43710
30004
42713
9355
38658
45636
11034
29076
7624
2798
36773
44665
31547
30185
39690
49247
21677
37040
34207
18593
28097
7516
42062
29658
39123
24952
6855
29415
18163
26287
22244
26978
27497
47964
5867
41869
31620
21533
35021
16479
37970
30819
43457
40838
31679
23624
40246
18180
45146
25791
18732
49516
33295
87
31999
11225
49143
49413
45589
30626
45146
8706
18638
40682
25302
22385
17227
2889
25645
4437
21288
15888
31715
29934
5677
38144
4637
26134
25461
35438
46402
22129
27333
48716
3565
26493
16462
20833
42541
17563
20871
49317
15933
15366
40288
8437
12334
44371
17209
10507
20710
27981
34209
1845
31078
42576
27424
12873
33073
31666
24836
24297
29458
31074
393
8303
31360
47763
4426
31553
20356
13961
26636
46731
2265
20565
13034
46933
15826
44882
20288
31615
47777
31664
7336
32820
38729
25498
36703
7920
13716
24360
42963
6491
2429
8086
27866
23526
11288
33968
19639
5306
47759
42566
6586
29811
14364
47894
4986
30082
24551
44474
19447
46979
21269
7275
29188
33844
30047
26298
22752
8022
10210
17917
19881
14070
45611
11247
2346
13485
43713
12453
39212
31031
30638
23933
12949
27830
18419
13309
2033
10042
1580
33927
38159
11197
26022
23548
1941
37867
5369
35320
37449
30902
5516
1430
23234
12322
30994
46556
19629
11954
40230
31856
21829
44929
34446
42951
34763
20935
14171
3594
11425
19454
37710
21665
37734
24809
39391
26730
19084
47842
45230
20088
36800
1753
26286
18171
3208
19518
1840
12571
28080
44260
37688
46384
8066
19947
23887
49580
18811
46198
31746
24352
26404
22757
19294
47755
30446
13277
47216
36694
7714
37912
34198
31205
18188
26423
30848
1711
4239
6552
27065
38382
31559
3932
20901
30483
1037
5147
28289
5085
12310
38554
26637
29502
47662
47552
20694
1425
36647
40300
183
29489
31516
40217
20428
21217
45773
30330
41192
18455
15966
11493
33537
12266
35758
45561
36751
44431
43311
47792
611
37231
20643
17789
35357
20951
11943
3977
33928
36437
3455
49224
30189
8204
30982
19018
23521
7139
27195
4353
2273
29792
26837
41576
44574
34825
24483
8157
19256
31430
20370
36847
32441
37890
13032
37270
8598
9657
10855
6982
48671
17138
37078
10337
15761
46791
12860
14038
38769
17083
32428
23514
6464
26317
47678
15468
11744
49314
33026
41255
23737
21466
23857
49985
40547
11491
45678
2759
31641
4561
12235
8530
28556
19421
33055
42551
41752
47519
40503
21168
49215
7269
5369
31169
9403
33757
41909
42745
15721
1640
31305
22484
45825
35746
11463
20035
28916
8352
44656
43978
19901
30204
11868
38969
31773
38237
1102
26450
13479
21571
27438
21982
6367
22252
21398
46714
42968
36174
15796
47872
46812
42223
20686
20978
6427
22028
23866
19946
21874
17529
14163
12708
38778
1979
41035
19263
16542
23733
36360
24299
31483
47031
38493
505
16538
49363
39136
43655
41
35077
8589
30082
22236
24599
29505
14656
30110
2075
21943
41305
42738
36434
40663
18318
36392
21379
1098
17106
11664
27044
41206
35311
27295
49370
48809
20666
33552
26806
29802
14628
45612
2384
26372
2936
29481
46912
21355
15419
8925
4402
25011
11193
33337
48555
21926
295
14050
10339
44084
24616
42694
3666
13137
10165
7891
23529
46832
15441
20062
41891
1208
40567
31209
15844
12837
5832
3895
31437
11117
9869
12786
14573
25299
10715
44610
680
36969
213
5184
36053
46485
39755
38387
15582
48948
35554
24818
30841
37052
8140
34656
34822
26092
7277
1558
44273
36857
14191
27911
15031
26367
12802
28165
7354
16087
27618
2566
13084
44038
13659
43261
28092
8717
10117
32493
34578
32743
42076
12217
2590
40698
20724
13100
48983
13306
34176
8468
19363
48274
44571
11711
33667
25459
2923
37789
32938
22013
48249
710
30047
33114
37677
6204
28608
27872
4137
40308
45814
14813
10320
8543
30203
5147
12113
2739
9833
23719
43974
8720
3012
34727
7167
40968
31880
26894
1268
24250
32975
8886
13414
42627
5099
46852
16556
16856
29199
29797
25201
40881
16772
41531
38988
42602
44486
16466
39201
9697
43843
28148
41262
35692
24781
11958
2819
3019
1930
23575
12590
12727
24175
12279
16929
8916
29850
22380
31692
5945
25049
18827
21883
12291
36381
23683
48555
8743
19048
14231
47258
42033
23733
9190
4015
20105
470
8072
2440
33140
21616
34531
42090
39892
3489
1205
32111
39812
9797
37722
43186
17669
46510
21482
182
28208
46079
16843
15352
37375
34649
30518
43838
8487
4162
23483
11337
4059
38638
7141
47921
9195
43432
49727
39355
19954
41644
18333
33859
18026
8253
224
9633
1467
31157
46216
9788
26595
24252
16673
12190
21353
35960
44381
33761
33090
41745
4272
11609
19506
19334
43481
48807
22607
15266
25797
27618
46865
3936
12027
39374
32851
19238
9879
2548
35672
42488
37687
6152
46309
21193
40256
31560
1341
5146
47874
19220
45149
44749
15758
30304
4928
25713
31825
9710
41126
20184
24065
37365
11193
7774
843
15600
49758
33601
26140
21387
12630
664
49590
17103
25996
32448
45944
49285
29942
4476
33244
12856
9245
6519
29007
34093
10852
18329
18854
41229
42837
20920
14895
6641
18853
3703
31433
31124
40560
27483
24527
11457
18858
16808
48621
9931
962
28997
14607
32955
47809
28115
30849
16071
40186
36900
19882
35108
19988
19784
11662
47885
26762
8239
4765
18986
26578
30617
4953
16843
35420
5104
11743
455
36925
36353
18501
34860
43733
17183
25342
33880
39179
13962
35036
11705
33122
29428
15766
32453
8865
31847
23811
8243
35722
18885
28265
36043
9681
21820
13383
37603
32711
18198
48587
31480
32877
27324
9001
11949
28259
22389
33923
38737
22939
45863
21337
33258
20123
30913
38379
1819
7349
7324
46877
33506
18684
20512
3766
30829
36474
28633
13975
3759
28838
23243
18557
1272
33619
30214
28105
28934
10805
20652
35525
49424
24762
41550
30044
16751
20831
7422
13857
15830
37390
47682
38670
10804
46354
28263
21473
13591
42582
38666
7846
20481
33336
7344
5084
32659
10478
30681
7006
16338
28265
33059
15275
30906
26677
3725
5137
31033
27469
45246
6571
33369
32457
47019
45699
6107
23844
30728
17881
49721
11160
32137
10871
31580
30078
39516
26121
45238
28671
49899
24069
45687
45367
48946
28772
45340
25506
34447
34390
14702
44381
18556
28985
14037
45617
48070
4172
2649
1092
37185
27947
42671
14193
47556
39606
35079
6957
40577
30953
37339
17336
2025
17815
3086
43478
3403
22938
163
29420
9930
43222
4329
42477
30167
47881
39126
18694
3407
41999
48159
15874
22089
20137
7136
6923
12788
37904
8498
24741
3409
44394
18876
41098
36919
43032
45672
22431
26774
38093
33147
48680
27238
776
29235
21819
40487
38195
7717
44338
40192
9843
9045
31036
21152
9724
39177
45509
49044
47834
45156
14507
13271
28393
14884
13757
49273
26252
15887
2787
3732
12
48639
3427
16509
2899
29274
24279
40107
38150
6122
42930
22035
47957
12992
1514
37706
22140
11675
38337
12911
8309
23384
25762
12327
13525
31339
9395
20292
44301
48391
5925
38996
36824
44148
8551
49129
29325
30588
32534
7326
48132
21715
20156
17423
26847
45578
23668
49173
25358
39954
24977
46689
5602
44301
41472
32011
13886
37062
37538
48938
10961
9574
10742
9182
11327
39555
32943
5716
8139
45533
23581
34968
446
22655
10979
40867
7366
13075
32255
21608
9016
38536
27748
13813
29255
39710
41476
3448
42735
37175
26660
42605
5760
31952
11721
581
9646
16578
33845
17364
36714
26264
43841
16588
11834
29290
11908
31295
28629
16783
3146
16492
23035
25196
46232
4793
16984
20828
2225
33571
28878
12790
8551
49641
47304
17339
3092
17935
22777
4357
30605
35640
41343
20759
47562
33616
6186
24814
41500
34726
42230
47509
36980
29274
46749
35594
35892
31324
4479
9954
16699
8612
40684
34241
46743
25437
757
39618
26606
27272
49540
32980
13372
13064
18033
36354
28562
32693
37791
45597
19963
36904
15257
9381
17725
28842
48395
48583
33994
1025
26540
29668
2349
5578
32619
4225
43765
576
2201
26105
7301
45707
651
30011
31023
7218
27344
38660
47237
42724
42595
10392
49172
11279
48310
11747
37821
28704
696
23878
5601
4807
678
11343
42239
40930
8760
25329
8131
7576
12462
3179
23748
1968
8996
40264
37038
43317
22878
29360
32515
40488
18234
15840
14619
11343
38910
16881
118
22462
29478
48862
39376
42923
11402
15249
39152
20342
35257
13420
36708
31447
5077
15706
46775
13883
16775
2833
23941
25522
37137
30778
22466
3818
12555
27501
39763
23568
11039
44499
45760
21612
31060
26929
37188
26563
24151
8383
1311
39222
16086
13071
24312
47193
10790
35418
23227
25809
47956
21673
10471
30828
6352
31766
25040
27017
38219
1809
38287
30903
25762
23242
33230
28282
39602
34864
39326
28122
46733
32160
49928
24377
6587
16690
22210
33674
7981
36245
18670
1209
12926
20058
19552
12507
7842
32552
30496
43976
30562
32469
30702
27772
37518
29968
7611
8969
16470
22342
13061
40804
35524
33065
39560
38964
508
17248
42771
45702
28280
43360
29135
48680
19407
1498
16380
48109
11021
26372
3703
40672
3559
36663
39246
17648
20308
33324
46564
31198
13843
32558
1399
34671
16156
21707
18551
49812
32635
1473
49766
48210
3239
5117
12896
29356
38037
4553
39848
47306
11625
12024
44259
9905
19528
12548
48804
16429
18668
38990
34615
5007
13963
35415
40338
15231
41275
29979
45593
30879
46778
22595
3903
36126
30350
47559
48797
34353
35044
26109
7253
46390
34362
37727
32741
38781
22317
18634
12483
45726
33313
1253
29783
2738
22567
792
14544
49435
9570
28599
42578
22418
6142
24363
7889
48131
25710
19278
21570
29689
38012
49194
8840
116
8659
38154
36462
48061
48983
42626
34479
15521
25641
45214
19372
8193
17471
19814
21320
27924
33156
10452
2992
32638
23926
39749
33716
14259
47188
16444
32124
1858
47871
10120
48262
39900
27305
1368
19281
40864
26859
48562
20040
46884
3891
32485
16376
1791
810
22134
28137
8751
39483
20323
16730
20469
34072
29432
910
32665
46950
45180
8640
39427
17091
34779
7688
10586
19838
22943
32293
25418
24144
37030
18373
15033
23612
2212
37637
37186
1826
35710
49371
46291
35542
27360
38970
36448
27876
38493
13056
6222
10262
28317
26925
40889
1025
1496
1763
34977
24727
40267
19132
38526
38366
46303
16159
25196
46120
25162
25737
44957
22945
30400
15625
49015
12242
1640
1953
10342
46229
17654
31675
23373
42673
36070
31303
29288
27070
45766
49261
2589
30561
42840
29611
13169
11818
27251
23797
27671
35925
13725
11821
14978
37296
28880
47674
36247
8554
40693
20663
2947
3843
12916
8332
26797
43351
26403
29242
41910
31948
43120
7969
23439
46332
5407
36238
45370
1098
6201
2153
34796
29779
16651
36086
22661
328
18307
3142
41232
14020
10189
18473
20877
9884
47068
2646
46714
15028
17241
48970
17509
31914
48045
33813
32169
47640
12327
32206
28336
40348
2213
31347
49670
45840
42025
16664
18101
14222
2440
44912
36679
8824
17875
10121
43959
24232
11009
2076
49508
13895
29622
9146
7131
47523
18576
26873
25357
13025
8710
31242
9708
9698
13976
18401
10089
37845
3142
10759
26803
17190
19515
42574
9189
46308
6483
10527
39270
34789
17740
14579
41460
2212
20418
19638
25299
32949
3486
44251
20106
21794
24699
44152
29824
5701
23064
10726
13323
3633
39404
5099
18303
5806
31415
42859
8490
21258
28598
47754
4378
3310
35315
37947
29472
41690
27822
21359
32642
862
31651
20861
36321
42108
15991
19162
15135
41884
32201
18428
46087
11938
43125
11517
19954
8346
28102
8606
30910
46142
33622
42191
49455
20669
29100
31993
29751
11542
49086
22648
28616
38998
12352
49116
12959
4470
32616
22712
45089
49348
29432
45503
45187
49192
16238
24739
43530
9866
33649
19718
27139
48044
32295
47448
9514
450
29856
24869
29149
3409
7468
16562
1608
34318
40842
33551
3150
28309
30858
37197
33876
24148
19344
2752
24935
13579
2696
32879
18161
48094
44227
39368
44436
4694
3102
35676
41526
4036
45701
5603
14846
34864
7428
42400
38949
21117
30802
35757
8643
5653
2728
15152
10883
37159
49988
25644
28500
26219
48095
21067
46746
10136
37021
7061
45061
14059
14449
19265
8812
13076
32095
48462
39060
37909
35340
43155
1360
23013
12071
46980
28404
9410
13112
22202
9680
38201
20005
40017
48462
19083
35983
35873
49033
47894
35321
539
21685
12867
7036
4438
9805
25083
46556
23903
26594
39162
3813
36662
9088
394
32658
24429
12044
23354
22310
35394
31638
48161
21820
1711
22885
29896
17138
32311
16128
43327
27294
4778
2405
21640
13576
29765
5083
46141
10308
14777
1734
43079
17136
48869
19880
33806
12487
36487
40187
10533
24373
12795
32973
20968
33764
29453
49689
39852
25698
5627
41862
28058
36713
11645
15726
27171
7138
24718
44098
39935
44662
31999
13224
38524
28163
22916
27365
18979
13732
12385
6327
31420
27353
7755
8974
29182
23278
590
21935
19801
27239
24912
16088
32767
46260
24652
41436
37708
32742
33418
16275
33168
14993
18478
38684
30428
44410
10679
40262
25485
29866
12823
19862
46227
20699
5963
46381
1915
6985
31621
42810
10807
36670
7464
12250
17613
14620
35879
42201
16386
32768
45398
15266
33378
21052
2690
29035
44386
35331
12518
8308
41956
8399
30660
16366
17169
30995
10099
37283
28352
15853
46067
37325
23586
24613
5443
32676
2205
49849
27960
31654
28215
13571
45169
4191
48790
1396
13338
20442
41183
47064
10557
5823
25784
48421
26328
5379
5946
23391
32704
3166
8620
24208
29982
39075
29038
43874
6309
18678
34087
36475
1470
35624
539
8481
49397
26499
15909
38470
28894
9778
6915
33168
25509
30951
30218
14020
5703
20023
28344
13627
9887
13365
27045
2798
18135
39079
6424
44959
12095
42166
43734
16704
31697
21492
33599
8105
25376
20796
39299
35712
21256
23558
43098
7899
11768
28092
9425
14333
33358
6911
27773
17795
31315
590
48924
7627
31073
18851
20496
16326
44557
42492
42473
36015
19718
12329
43412
12648
26376
15331
19539
42964
961
28957
34332
1348
42024
27701
39198
39623
1366
38220
28205
12489
1846
22507
29198
28277
13584
27167
13382
39538
45233
14218
1905
20070
8743
29819
35579
27086
38991
6496
18691
24836
47006
7193
35662
418
24065
18851
13776
35983
8779
46158
47486
7489
15116
20842
33263
5194
6101
13298
30693
41535
25796
37687
33454
46115
30378
15422
4147
30695
35538
33102
30127
11172
26025
31923
26891
6290
2339
16366
11322
19227
46188
3569
29914
30842
40292
3153
8674
3088
30670
27752
32671
22930
8058
32689
4837
7713
5601
30697
30192
32392
3497
35824
19061
4024
10293
15449
35045
42858
23088
5438
41826
18592
27284
7034
18461
46556
21426
2584
21199
27979
3750
10774
12134
2507
39434
35185
20437
13115
44300
15972
34238
38142
44617
18315
28220
2875
23287
6429
40173
27627
19976
19383
34792
9014
44796
44581
8448
4257
22018
39447
32558
40234
7988
2619
24409
32585
1730
8575
35505
25268
23423
34504
39797
47561
34902
12271
18878
5882
26628
29711
47395
1079
18774
25579
46990
33173
36402
45079
3626
11859
38695
33037
42014
22810
20984
36353
37006
11106
11707
39700
26310
25299
47339
15692
33479
23400
28590
14459
21791
17889
8938
37638
7800
35668
33453
35607
823
10260
11829
2771
9226
30029
10407
28512
23507
19352
48180
29113
23320
24338
33059
26156
44838
29746
29481
16200
43996
17224
21465
40862
35084
30590
36841
16706
27498
20252
10805
16843
40568
22376
10226
49192
7559
31028
34866
28163
35849
36572
47944
44810
5293
1772
28219
49049
47512
12768
47113
38472
13234
37977
40392
49219
38500
47167
42763
15296
16080
17947
41749
44319
6994
625
12246
49272
17975
28650
43715
22532
34656
6134
23887
14821
16383
26315
31028
47462
21169
8075
27253
14
28123
4940
18719
11164
41714
3668
21885
22464
35696
38137
18213
46795
21888
27048
47999
27943
12940
34811
7422
46490
26233
32609
11663
36284
26096
17474
14505
43872
18366
12326
27572
2650
39391
43912
29586
44621
2182
15149
28031
14030
46335
20787
34378
33853
24333
36415
11609
17637
40515
17
43577
41676
1497
25640
38727
34920
21045
18355
41652
49645
27301
40566
14379
4734
41974
32506
18045
22648
35149
14156
46273
41487
43174
19159
35009
34993
16969
38205
45500
7249
36760
11584
6287
46084
12946
15635
43656
29789
47906
40353
42499
25386
33214
30977
40395
1846
10161
18847
230
30679
39309
23001
43161
4043
340
10797
38441
48863
18145
24767
694
20169
20310
31585
7938
12206
39890
19870
16552
21703
11822
35601
29533
3943
29767
49913
49160
28454
48085
26780
37014
28665
1153
45723
36178
10375
34243
31567
25239
28411
37751
42002
584
19253
11441
30647
21354
7764
42202
20948
40116
10094
31867
47914
41247
46490
34189
2115
28049
23523
32425
29866
23850
30009
43499
4909
45685
45084
43408
38119
24069
38334
24922
5909
8324
41556
37059
12220
33132
18950
17119
25809
44158
20499
24618
22169
8287
44112
6393
2864
24239
46091
16251
10347
48913
43739
14491
25544
39613
720
45123
35398
3204
39009
27300
35786
19549
6915
18216
25676
19379
19633
22530
20321
33473
42716
25948
34645
19652
11047
34559
14793
37720
45485
34343
25361
47695
38349
5590
6611
23608
7014
13607
7468
36448
48729
34013
15944
25586
24064
2667
15271
24443
25361
31885
13370
36825
37870
25156
20689
34176
20627
44762
3642
18214
5639
1349
48003
45722
33325
31928
27660
19325
18987
1879
5654
33622
49132
45017
47663
10201
32688
5337
46834
29097
36976
22704
5494
8435
46967
35496
10877
20859
17250
4822
14653
45658
18343
44746
14484
7800
9027
42078
32085
8040
17317
44105
23301
8267
29008
6981
33049
18464
16792
586
34780
11802
31987
9351
283
5017
1530
5446
30801
24372
22477
27010
26553
40174
23564
46187
8455
17220
382
42506
26090
19253
36950
17240
5597
18242
15965
41785
7398
47538
12345
4370
8333
44610
35077
23945
6512
40069
20356
20869
22512
38512
26037
49146
45136
38212
46019
36321
20764
26055
31336
8822
950
16225
10011
43944
44465
4231
4715
8101
20376
4438
33168
46500
38670
7031
11479
3741
47039
10959
19295
28761
38676
25370
11990
28035
26830
11828
24144
569
13553
44666
17657
10268
49270
22743
11110
19667
80
16646
32789
20518
20622
48078
21338
6918
32990
37835
36091
18716
35713
27243
6352
10137
20502
33246
47055
249
47412
49003
45801
14371
5647
14520
881
26684
28699
39306
10578
37630
44626
19704
45752
32560
43136
2183
7147
49696
5086
45012
37099
29699
40897
28707
20208
26971
39739
12293
19333
48985
10544
37855
9175
23105
2017
7848
1544
26001
29728
5480
42605
15887
5813
38210
26238
25248
21118
16639
43864
11973
42553
7245
28517
2109
10730
33940
2774
44204
14056
43221
46790
6296
31537
48248
20725
16171
18835
2251
13951
40651
43032
27688
7329
30645
38155
685
9847
12880
32237
20503
41615
5129
24364
20924
46806
40390
28491
29248
31825
47746
33515
11739
245
41157
38935
41238
14753
37605
4722
39215
16868
49022
36246
34115
18786
21116
21475
48281
11745
27098
40342
15145
32437
31064
22456
22695
29322
28133
7005
25743
11789
24433
19183
31530
21345
46466
36661
19538
34172
32403
30736
16499
11562
38002
7490
1525
29738
41178
41613
21897
4614
23985
9932
4751
17820
49646
19345
921
25471
17924
36816
13793
15913
4026
27803
37097
3724
15893
41265
32165
23479
5558
935
41812
22407
49508
38804
18077
13995
48094
32591
17347
31587
48166
5554
37925
39260
37722
27556
23773
41089
30679
9521
3719
27353
3260
9983
18567
25035
38464
29738
17918
18212
13018
17011
27368
44606
38971
26505
24946
28929
23532
39967
10941
4109
22898
32480
15683
1919
9099
343
32552
16876
36401
36892
5357
11953
46958
40431
17407
6035
40498
4224
48770
19753
2392
48063
36734
9572
8220
49507
7195
30657
24409
26408
9092
42327
43018
42573
33691
26841
24372
45276
42522
24916
17460
10777
49572
44685
32479
33989
1907
26590
10851
39656
45748
20889
40096
25281
2983
31392
6836
28748
37333
49004
45325
7771
18801
42306
11904
46925
4441
49565
1676
45632
48474
7436
13468
34390
48248
49690
40095
8993
18768
43113
2198
46191
19065
5804
25231
34652
21800
49761
24230
46278
4501
44561
17230
6317
18956
24705
4172
18258
18042
9035
42667
11858
26040
30564
26018
6029
21372
36920
46183
47856
4553
2308
2564
26658
13502
24401
12988
42268
41241
46288
5231
47714
33539
46248
14025
46277
23474
19349
23802
33857
17441
45548
11769
34849
28104
29449
1107
3361
27074
36804
49162
41503
38923
25564
23681
33037
41437
27511
34767
33266
44349
39460
39921
24008
15637
49403
32240
48654
46368
16607
30050
25641
6652
37022
40297
1677
24914
15416
24023
6051
20933
38574
46693
32917
5851
5198
22823
7148
47990
42511
24333
15211
16005
7318
25806
34191
35920
8205
23358
13306
48809
39113
8708
20086
25851
21048
7793
36884
44046
18819
11203
9906
26479
25100
44086
918
44402
33717
32618
8940
30516
19805
12410
17884
20348
15647
28044
16215
34509
46412
2911
4961
38131
7407
48742
35222
30442
31419
31295
15768
35
18255
32796
4151
8683
44005
2020
42907
30812
46053
25552
17944
17681
40774
36868
18726
18325
34283
22557
38311
31818
7709
45604
35176
2363
14722
34820
35135
41634
19646
25444
48639
639
48472
29873
9404
6591
25100
17630
905
40619
44297
41921
24848
11242
12639
44232
15143
45172
37138
38978
43085
46859
12394
56
29815
1157
4677
37294
20643
30628
46769
17361
44425
36746
620
38154
3729
44094
22083
13974
39507
26167
35658
22434
11714
7827
42005
31757
7186
43131
13307
22638
7151
42033
30948
29804
19299
8633
39019
31920
30874
19300
37895
23071
12632
48609
38096
49321
43544
46412
3562
17185
36783
38418
38390
36943
29715
22918
24565
42939
48400
25351
18739
34429
35536
28875
33428
44233
30568
39905
40164
24493
35488
3161
29436
38571
45098
47836
14465
48495
9482
21412
47879
23309
49626
5563
43512
6324
37358
47979
49008
49602
25044
27176
8165
24552
34275
27588
8803
15372
24922
34837
18069
11556
40706
16924
35050
29519
46829
21987
13611
9284
5732
37836
34140
39556
8009
31428
41116
1545
6956
47786
35282
37487
45228
42178
32730
22228
12323
20060
41406
46533
4883
5776
29752
22814
30116
22028
45702
27780
31641
15439
6449
18689
39365
2379
40527
36849
11090
34223
18549
27761
39344
2304
26845
3151
4171
42431
28752
13421
12901
33099
27059
1483
28387
11002
18898
32136
46858
7556
49364
41692
28704
6188
33437
44330
11953
9641
36647
26741
4969
24789
1393
17769
24971
35406
32952
39948
20799
2469
27292
15903
2258
39608
2379
33871
3512
1310
37534
22932
49159
9608
45414
28159
14180
17404
39460
48672
17548
27841
11404
31255
15703
5392
2427
46744
34136
8939
27878
27696
46247
34392
17286
2108
45168
33048
36695
45389
24686
44084
23431
16255
8302
400
20058
25317
38288
10978
15454
40644
24189
49567
3491
33413
23279
28183
44852
14528
35797
33993
13248
20502
6715
44292
16441
27587
48918
48652
12129
42883
32968
6746
17559
2547
41948
32115
39604
15591
5041
31859
46579
16454
20857
10305
45439
47185
7958
47823
32630
48908
5402
29945
30729
7873
16487
20827
14726
32223
1495
27147
45255
3958
25001
47999
29367
47710
5805
21036
5600
45199
33317
33115
14882
36370
18002
21514
2547
10292
19934
9958
30512
46522
9638
8
22869
33782
37125
5134
10525
13937
10999
24347
15254
38379
47787
40668
24328
25859
46603
18001
4076
25015
28322
41138
14916
1492
11654
33703
25310
12714
40434
36561
1977
16591
33809
9890
5694
10986
12252
29201
8282
44361
29938
7114
6154
43971
44710
9443
34596
19287
26254
42290
35635
16273
406
30752
15712
3407
49197
43448
4012
21951
1740
26063
48544
19965
35795
40627
38342
8843
46788
15852
2843
7189
30672
18163
12649
24205
16298
33826
8399
27305
37443
1941
6010
26640
28599
14801
22210
44946
41401
43007
42029
13928
39398
43346
20282
40000
29120
44528
19514
34391
8933
17730
3300
44209
2058
10127
25834
24468
39917
14470
38036
16854
14071
420
36205
38622
14975
45573
2878
48231
31463
19994
33791
33256
24347
2096
21495
13159
5062
49640
23309
1209
5819
24432
10262
46972
11263
35448
42789
7781
15608
2016
41827
21980
9773
6485
25123
4229
26390
2127
44637
7023
21582
38856
4404
32763
27338
47552
31180
5956
8088
22571
32257
46301
10472
1181
21543
2388
36666
5446
4506
42166
45088
14572
17846
14357
19900
24229
35048
25065
11221
36001
30896
24509
23176
40448
38744
7006
21259
7938
41498
2331
23610
49788
40822
19210
15095
15831
17025
14488
16827
3246
23521
1270
44916
3056
29566
24780
6935
5062
16305
42755
18001
33457
20321
38497
43068
6308
7783
7258
48967
32557
33630
44383
2635
21889
10797
4409
15623
1246
46551
13789
33993
46700
15877
13060
7811
44561
19386
7043
30492
31822
10942
34133
25205
38041
39659
22511
42173
14670
34622
49042
30135
25229
23192
13158
5851
17650
21285
43841
47083
4514
47550
37050
24892
38453
49344
48280
11688
2919
45138
5139
29459
10801
46912
22293
15996
12734
20333
30748
10583
46389
31913
42733
47204
27708
3650
46440
36356
9364
41189
43234
18487
33637
29987
18120
42260
13405
23808
41682
39083
12736
45269
27212
17227
6888
11935
33443
35445
4813
14526
32299
17250
40847
23421
7650
23205
24688
16144
28255
21044
24225
17302
48946
4751
38511
49594
33479
25028
33765
43162
45941
33061
42812
25552
5221
11480
19841
11312
35456
27935
17583
7348
31562
48741
18927
38593
25379
40937
23590
46962
28957
37665
31519
8015
16245
22933
8587
23893
21844
28863
28716
41885
10452
19180
20881
2132
45892
9946
11999
40317
35070
10225
3801
19096
20422
11651
42796
5626
38331
13172
25808
10921
45439
20631
35469
6169
35035
8679
41882
14983
41653
20480
39473
35192
41572
15762
39381
16983
10270
44002
17783
34110
2327
34036
4353
24843
42800
23315
30243
31081
32784
8448
30399
6193
7257
23704
46519
33611
41868
38009
20776
8170
15989
38936
32913
30670
13535
24118
4275
26094
1036
45271
9299
49497
20114
39991
9452
18672
16888
43486
10879
36728
8485
32791
41544
35591
41830
36650
17959
7280
1181
38956
1640
43545
43664
41311
49269
48318
46001
35626
5381
23671
2085
7243
21443
3360
41712
21391
28027
46391
25268
38326
22562
40482
25591
13115
49137
38858
13549
15611
12703
30404
20880
15540
49100
2863
28692
37465
27873
27007
6842
44889
34896
13862
19188
8813
21410
33194
13277
27279
40635
12705
19497
16009
46029
12380
45335
35549
30800
39165
22982
36283
36453
18802
38699
37952
7611
39533
43174
40765
48694
38129
4150
47718
5253
36113
21645
14356
31067
19501
44788
21713
31929
46272
26943
28251
26577
37352
42518
9133
6369
22997
13859
14118
24895
1939
24838
7512
46541
31471
44136
503
7860
11819
36053
27814
5446
14398
47151
13892
39243
28413
17255
18220
3958
21942
16313
1262
23720
26867
35628
26692
34652
44660
9105
45343
6157
47549
40690
46928
5395
39885
49597
10117
17617
20230
24827
9502
39942
42910
46563
10291
40220
4768
8382
38124
1627
27861
17840
12486
27931
30185
22899
708
2589
6323
35673
35867
42291
18507
46660
36417
37724
44867
27689
33648
28564
37133
5938
12666
6164
18679
32428
39905
28232
29560
42711
35893
924
16592
42726
6073
6831
3745
23410
30417
2938
8169
9540
6284
48625
29876
13270
47042
3743
49046
23257
12162
23668
28683
46191
20949
15214
24959
27750
34172
32227
12271
36162
12060
49368
17933
28214
20027
30459
35690
1777
34820
20221
28841
40363
14539
23228
3443
19176
15998
49497
19370
32704
36633
5898
10753
28912
8853
41371
32711
16012
21305
5158
2320
43109
24276
41914
16979
23512
45332
5935
9094
472
46103
18257
36274
40662
28338
1782
7187
10106
34827
4541
21641
2289
48796
43106
8656
8752
21495
37938
17760
23893
10797
36867
49506
35115
21862
29779
43780
31567
9204
14359
17719
9506
17639
40637
25024
15278
13921
1507
35394
25102
1820
45514
5690
41492
3547
20719
26125
18286
44975
1359
43014
2409
17019
3213
33894
25173
15485
28267
42620
23269
40381
35388
27197
34850
11477
24157
36919
7815
14576
35429
39730
19654
4660
45515
24846
4423
30273
39769
4681
10065
42456
41706
10605
24765
40903
47375
43980
9404
8560
43846
30278
36311
46405
15539
48033
49736
26907
462
29046
27542
33071
45915
34346
40930
20580
1939
6561
11310
15068
40072
46320
37079
2744
29979
44203
31104
45469
4419
16570
43631
6305
40551
2555
33373
30031
25670
23427
4966
33918
33185
17126
7450
38677
19836
43108
11162
17329
46206
48772
8074
31151
9430
49703
29473
41710
34636
46921
36073
3065
47582
8420
49558
15599
5348
44558
35356
32337
26768
28370
44547
29742
32426
6223
11403
29628
30911
7969
43264
4733
39637
2823
39602
12385
17310
11447
24590
47577
22485
47439
45720
22978
12381
18687
10963
20233
7234
25368
27234
45126
13039
2122
39559
40813
32046
26802
32731
5693
37888
3744
3894
18804
43387
42744
27374
12498
19391
18463
27579
44351
5311
20594
8981
49895
14963
302
38185
49359
43061
34965
27245
30265
48605
22650
34136
40430
8033
25216
9408
49092
37519
39112
19068
15345
9753
17592
752
36097
25891
27532
45099
36569
9676
15832
33166
17010
45542
2075
41584
4836
47502
17491
28233
49577
6295
43282
496
42296
49979
21565
13556
26675
36542
45107
49745
9617
34784
232
37750
36250
33378
45550
27454
9288
45811
5821
41014
25531
9543
35137
45820
36722
39102
14027
29417
14306
48506
44909
16136
30595
48474
16340
40950
13758
18933
38203
23221
34510
40815
43544
21646
34343
37472
18207
355
3501
10417
26775
12193
26931
48405
38151
24434
13499
41605
3339
25316
24080
40118
28661
8782
40567
26919
15715
20520
33648
16531
44085
48735
47630
34950
16448
29222
35567
37058
11327
46449
11589
5724
47519
827
28679
30082
38340
13791
20134
2609
17154
49980
25341
24825
823
44168
9024
12037
6357
47749
21335
14677
40322
33706
3077
39533
29546
17304
41153
39519
32436
18741
18434
28323
15165
12802
43413
10914
20081
25923
11943
46352
41572
40719
4586
2798
16589
3246
22224
14681
30493
39135
8855
7664
34007
26276
39472
8455
727
32089
30610
25314
39583
19937
27266
36803
37502
2878
2262
36364
13584
25386
36758
39727
20484
41021
38090
16894
984
18129
35578
8837
18527
11937
13325
20138
49774
17785
20116
118
46297
41430
16386
44663
5886
1028
38983
15501
9527
5267
49452
47317
40548
24189
45702
15112
35674
46354
3636
41753
14745
21747
24205
23929
26885
49614
33031
24277
19008
13464
4801
3913
11556
36964
42026
11299
11472
19911
21989
46193
39325
35237
46804
16529
7722
44740
4450
30197
40706
41108
35326
35674
38276
28450
48363
5233
39072
27902
16785
40784
47645
14078
22471
7788
16919
2903
29596
20448
48336
8606
23730
23802
15715
3782
18933
15013
20586
896
7040
44611
24797
9673
32751
31223
2524
4719
46659
35731
22397
39915
23468
45748
47810
46092
401
39125
31768
22865
5544
27083
26629
2849
13535
7447
9542
27946
43957
39931
6585
40968
21615
30540
2049
31976
40044
32767
5221
47741
15973
11033
39612
31500
9439
4141
37765
11655
39642
1200
12044
22920
26146
22000
19390
33677
29829
29041
7513
39563
23324
5972
2592
19608
10792
11437
16382
17099
23969
38919
28508
406
40064
43714
1457
8293
20777
2845
16205
28081
21358
42516
49423
23959
39969
28169
37295
42957
44814
33908
47679
1320
16011
15837
5400
20300
35592
25311
28183
40393
43230
29860
42391
41190
14729
17696
41359
5282
44717
46483
17294
35033
38034
20378
19522
8190
14911
24075
1372
4587
11181
39359
29223
6373
32174
14235
1732
34598
15380
18386
11993
40914
27217
16430
7242
6611
27788
32169
24837
6918
7281
25600
5251
48608
11354
35315
18658
28754
39839
13655
43640
25028
26325
37006
44534
40818
20394
35762
27645
40641
1309
20781
17072
12196
26703
35322
18114
7015
25116
43861
21972
20479
9187
14659
23577
25736
16717
34135
42895
1615
6483
49049
37435
12337
36268
17625
30862
47467
39755
2047
15400
10976
43794
38275
47828
30417
2264
25334
13550
27141
32606
40805
47380
44400
7745
34633
7698
12752
11155
10496
147
13078
39817
27873
36396
23599
42919
4440
26272
3653
39463
2209
21852
20126
26426
45708
2839
9596
16603
7262
23679
3472
2207
14653
17165
11711
39389
43982
19360
47773
26528
46883
31610
41811
38773
46396
43916
44743
44940
13748
40658
10204
31546
34104
43858
21679
30912
6309
9506
35292
14033
45072
43944
647
3927
39080
8542
31972
45762
3518
8799
33948
17323
49002
41226
26055
17851
333
25398
10489
15208
30172
25137
10049
30041
49719
284
882
220
1104
10176
31299
14753
27494
39018
8395
33179
48581
19542
41389
5013
40295
29172
41601
7533
35624
35486
32245
11535
21971
27369
21757
47883
28512
9510
13970
5625
30109
42232
48627
49423
24384
20965
20734
47848
36651
12761
33748
12569
28146
38777
22605
28276
527
5287
12096
24021
6747
6633
49621
14761
20007
371
24829
38561
3920
29375
12215
7164
35786
3483
43711
38465
43458
20572
8167
42156
28415
109
46543
20415
45484
9263
27441
9171
27204
21525
44922
13198
10843
27941
16143
29399
2381
31694
2924
44302
14705
21065
29794
27310
28843
29584
46424
30457
42855
37767
19763
2338
2519
30261
41071
24271
11030
36238
21490
37315
38159
147
9836
33690
47971
43488
22661
3529
16341
14524
24267
21128
19533
9626
41811
29272
15727
21045
16791
20137
31324
8931
7962
41397
46950
8921
4390
49235
27080
20000
34663
638
44712
46034
43290
26830
24535
36844
17541
36723
4585
40751
19185
2882
46735
6951
2487
25404
22044
1658
7580
40478
24488
25254
41115
47421
19505
15231
7615
18640
42984
45573
20245
5076
29236
14084
42958
42598
21788
8145
31233
10963
47070
27009
40640
37540
6090
12127
27663
38532
18997
17608
43311
17866
25768
3695
34680
46446
39503
28289
21271
24794
22080
48997
32483
28621
39106
23089
1032
13356
40811
19084
6731
31691
32299
4050
13044
32257
19709
23617
26825
30460
3716
46613
43481
17233
28713
22286
9443
25299
37483
5834
49580
30048
5121
25113
33069
24920
22617
11674
44971
29947
46924
48035
599
88
39061
46983
35394
15872
43932
39989
1037
42652
27825
4614
20347
21887
13382
104
26408
32233
31072
13547
3430
28351
21461
12285
15572
19949
31801
5715
6588
5923
24475
48365
38983
11154
3690
21720
34077
33584
31645
6237
31915
4054
7050
11427
10415
10672
12996
25661
49274
1966
9558
34501
40150
32812
19792
42047
37232
48843
47484
8843
47414
21288
16972
12085
23063
1993
22296
2369
18729
10332
10392
32281
16603
1699
37270
4508
1419
7178
4316
13200
8288
5929
8675
636
8391
17440
21553
8478
3411
9562
34331
14265
33405
21689
6890
34453
20027
25044
45555
35227
45254
46734
19216
48175
40688
46589
30069
47878
19662
12677
35768
18027
38829
14028
31161
29317
19862
44270
12845
39541
11926
45987
47808
48416
19839
638
15093
46399
45206
35881
22925
11984
25312
29198
985
41081
11161
12367
30956
33319
2422
40349
5873
42431
35709
25996
23206
4861
28193
28207
32485
26037
2727
15625
22437
387
1931
20824
41600
20323
6341
29587
23476
22532
1825
23224
6655
43179
4850
45897
36641
25530
11334
1232
34417
20488
47092
18377
28533
32976
16252
20155
35954
10517
29301
47792
36434
43582
38624
35182
39512
33613
9211
28057
36754
49566
23222
11916
35912
26474
26197
41338
11475
4072
6060
25000
42576
36426
9287
23578
48755
23705
45899
15445
12794
31750
21838
16374
31042
26784
46151
46046
27218
30186
41640
2608
34378
23360
33936
11577
20601
8852
14008
5117
8065
37808
47557
49037
1233
16723
17502
36720
22086
47172
40164
20771
7142
338
27859
37498
12316
26756
39844
31137
34476
33583
16437
17230
43481
29078
20894
25149
36268
45744
43047
49381
13875
26895
6405
26068
21456
22238
5059
15440
29574
21230
18847
13289
6039
14614
16317
34999
31338
34956
14279
35361
10539
16530
22795
47562
30724
47292
19336
49923
43420
39800
2484
23519
22463
45382
36428
47729
47203
19410
23762
23251
5371
17733
26193
5652
1501
31671
47267
27098
48492
29269
1774
34436
28087
25463
21191
2405
38058
14494
39103
41527
29249
26557
26106
5923
18308
39492
25364
38904
6856
27921
33664
19359
21675
18735
8796
1164
41808
12106
35574
19800
35138
23594
25013
68
20707
36927
22379
13555
773
1852
15518
9327
30074
3291
17960
18360
21873
17873
14310
22675
5143
27633
5876
35289
44392
24133
30052
29177
9612
19314
37928
37562
41603
7870
7906
33086
17298
44818
45483
45485
6928
30204
2382
19990
40886
20939
28361
18109
16213
28276
14005
3748
20730
34800
29787
24953
7186
25632
16422
15549
29894
26187
4024
8861
47567
31244
45395
38308
9678
33325
33112
25014
34330
1357
23701
4867
47618
49350
13112
7480
25855
8094
18400
47209
27732
12011
29239
36569
49933
42190
30022
37809
33728
10641
9622
23021
33755
28449
1267
20616
43666
45954
37856
31180
32649
18544
44525
13408
48931
49982
38047
2842
16440
1192
35960
27998
34085
18010
10246
5037
14122
1418
12070
32516
8836
36640
3539
45897
36675
3261
14402
47279
42352
10610
37481
15434
4003
17522
8429
43692
12612
37309
44021
16628
31739
41310
26017
24305
42605
32780
4450
34707
1920
29498
42680
2593
4621
1510
18471
21798
16310
6264
23736
13225
25364
12829
21377
44670
36739
43144
34765
29450
44728
12424
43490
45970
11112
2184
17702
26669
40622
48696
45959
42179
6971
1266
21295
35133
39916
8530
48510
22782
39808
3095
21352
7264
47458
48041
42985
48742
15697
14285
37803
14476
31927
40740
3572
5106
25319
32877
37123
12409
8833
3174
2304
35490
39925
39859
38615
16885
19212
27869
35074
38718
34001
37088
35855
17015
31101
43241
38879
25546
25972
12733
31342
47755
19924
12322
1920
11502
16618
18804
43491
47135
1337
3259
35626
47720
12810
8899
39249
41688
28504
21937
27497
20626
3620
3508
42291
30313
44688
25582
37306
8187
38735
32835
17220
17362
14021
19248
5936
6108
22670
7576
37469
21852
27368
32847
19937
3708
28475
31377
29173
11290
13244
33867
33620
48971
5232
20531
7189
6801
9793
40003
13606
45922
15100
41680
46376
21613
30821
43632
30887
24183
20827
4008
40412
5192
37773
3124
39273
49138
2615
47682
5128
34650
27307
13585
18405
47264
798
5039
33990
12130
3058
11284
5856
18016
9444
4832
42061
3610
12506
5178
24142
16587
1257
39913
37603
12962
24017
1724
37340
5070
556
41969
36666
40937
33943
18381
5712
1918
39012
29424
43069
27842
34988
12044
5891
2736
39184
35295
2693
44325
13090
48554
19201
35060
25054
8185
28387
41377
5307
11962
44722
13026
27084
40371
46466
3099
34965
43364
16572
35488
7910
8415
34532
21332
46973
6192
29223
7033
10633
22138
41437
32055
9547
2063
43202
48765
39703
49181
7065
14679
18953
39211
46089
19595
48318
46085
6081
10562
4156
18756
40851
8748
17357
12504
32715
5066
112
25044
12295
11284
31176
2594
4617
37029
45725
27069
29647
14390
32353
18035
33578
37396
32682
24148
48768
14916
38885
3372
36746
1673
23012
6002
46032
19906
6908
33759
47772
11521
32458
39398
34139
27906
263
37395
29473
2348
40390
2263
33247
22652
16504
18276
1921
21877
7695
474
2334
34075
7850
23420
1011
17877
6221
14847
11009
5371
26517
49486
22568
21556
49459
37899
28202
4530
33425
49033
26385
31025
18774
17095
41869
11353
25378
45588
39326
36059
23855
41623
32464
26725
40025
11467
29073
23589
23314
30318
7668
48270
23647
15837
49610
17773
48738
1736
5012
31355
39922
24207
30029
10365
17209
47956
8650
23629
7821
22596
12062
27585
14790
17072
5305
38967
28114
38851
8002
44509
43998
37149
40196
36078
17760
5721
1356
48289
23646
8965
47696
16573
2939
18178
13921
42222
15471
40532
10909
24065
15551
37211
24786
13812
40745
16397
14128
3970
6676
7280
45677
7392
31677
28032
37339
21867
20695
14215
14240
48892
14347
31222
45714
22811
26316
3418
11691
11678
33705
13571
10714
11219
22310
1771
40363
2275
24062
31466
18799
49886
10973
13
22508
32769
39260
9902
19805
31227
15163
20984
14067
19868
36621
9706
41706
2535
17985
21139
5958
16499
31957
8699
4907
46890
12577
35302
19084
23381
28659
27016
21383
14684
24745
45451
48390
45157
22973
46753
33295
7310
37210
14868
31059
13768
5238
11856
21899
13529
33207
45232
7053
16439
36680
16330
25292
36712
24142
32805
37044
42026
39686
49802
25419
1970
45194
35822
25438
9727
44924
17003
37273
22000
26015
3288
10402
7114
31033
6239
29101
17229
32307
3328
23632
33209
9256
18649
19875
20413
37049
4492
46719
27290
37757
32857
15848
28898
48380
6677
3748
14555
44205
25968
21805
45806
16897
36176
33663
7519
30126
567
15687
8000
43270
15294
48836
13423
20071
18472
35012
42100
20657
48266
11155
25560
5280
39159
32928
12160
44214
7941
15676
24683
13670
28288
49021
35927
29420
27686
30686
15332
27486
27815
36559
41402
20785
28354
1288
46209
32092
3819
33492
12225
45133
23671
4164
19811
29557
46180
22393
6348
16144
45392
7569
14210
38766
10796
14070
590
38456
28003
15263
6905
26735
3158
48251
41074
10310
42352
21868
5924
42287
8895
41085
31675
6320
7278
18607
19213
32334
22976
21540
30924
25989
13181
31599
13672
41539
14208
17646
3253
28013
4549
15017
8006
21828
35787
3634
11779
5378
25185
30863
22199
40538
33097
13335
25164
20464
31480
3536
21672
5266
15965
41173
19763
27555
8461
34583
30960
37885
14006
4552
45074
16372
47622
34710
25492
8325
18314
19602
22635
12251
1814
47340
21407
45092
13849
33596
37530
45678
3331
3380
49645
26188
615
4191
18695
31724
26878
49365
7137
4620
12343
33532
31702
11651
48007
19562
13659
27237
4401
32265
13807
31295
7782
6133
11969
37856
13733
9967
18047
31552
46026
40348
19263
12541
44798
25201
24765
8309
37928
568
48079
10140
30989
28226
22551
42346
26609
7029
15199
25578
22669
16975
3855
38765
45233
20907
15216
4623
846
8934
12176
42215
2522
15293
16443
24515
38733
8497
826
9384
42559
1488
45838
23109
16360
45559
44753
43365
39703
21606
44946
20595
26585
16063
8032
14202
27692
225
49871
42211
13319
18030
28477
19390
5715
17597
25405
29028
8216
21331
48111
15171
10109
49770
20679
1777
35544
18826
12234
35806
19125
18021
4642
33083
46943
30863
21832
27234
39186
5573
19108
36884
4498
16910
28140
27990
31266
35707
25848
31325
42818
10149
26112
980
17270
32732
1525
17126
34733
22994
28447
35155
41964
43262
33327
35880
3548
17521
9944
37261
14056
36375
41586
28570
28289
17370
25439
7522
25136
8226
20835
2757
24513
42038
35876
37085
11592
37444
9457
6979
37682
27493
33732
13261
24502
38321
20595
15567
19383
48433
18633
3423
16188
47232
30613
24272
6450
14790
5534
18769
25081
17696
33562
33560
9972
33453
15366
30401
40044
38432
47618
36391
1060
28524
34006
16838
34194
42251
38505
7077
38908
13065
5573
21856
6775
27661
11047
46282
13396
2558
21531
48273
12839
46448
201
34930
19452
38443
31260
27537
18078
24128
3735
17207
46034
22426
26135
14515
48367
40771
14505
5280
41272
23860
22205
49621
13985
6218
12182
25981
37721
1621
39645
44529
12599
9619
35240
18410
33879
14957
6910
8356
30517
32742
38848
19572
156
35245
7769
22639
36151
49686
6297
32134
45874
46622
19709
13121
822
33562
3500
111
28712
19448
27030
8310
44293
20955
49025
34693
41067
49074
2108
26195
29889
36042
23525
39735
36988
26378
21832
10514
35069
7696
7983
36920
40692
45029
38463
22406
1617
21906
17526
6277
2881
9368
7818
34656
25116
5110
2762
30493
21254
5910
47387
7536
45619
16304
43249
48242
10024
13393
49405
20313
39632
28259
26711
9509
46574
47037
16090
45471
20139
48092
18592
23495
48889
26055
3371
37104
25091
41375
4502
16318
30042
26058
23157
13178
27675
26827
29480
19344
28669
32730
8410
32613
30882
38070
26775
3100
16533
42422
26814
43699
20326
15505
24357
8831
4267
4565
42100
32394
48836
7947
41867
37512
28976
49704
7933
45577
18167
3497
49954
34575
2132
14929
36841
47917
26224
22097
34913
36434
7146
37728
481
11877
30335
37082
40130
20185
5297
23862
48042
35557
36402
25137
41648
31770
8030
40263
